100
2 1
100 20
200 10
2 2
100 20
200 10
3 2
100 10
100 10
100 10
4 2
9 3
7 1
10 1
8 4
9 2
920805 734458
893767 54142
862841 637758
795915 929614
254971 66189
651796 668561
486031 685652
430818 452686
706952 931596
10 4
27197 2530
23982 2181
24666 2410
265206 3
245099 49
23587 2637
203290 62
25657 2533
24851 2974
27327 2641
9 6
3777 338649
12655 3
3215 343846
3417 373255
3419 345327
3445 315222
17702 29
3928 307514
3895 361989
7 3
672551 50215
309504 109117
523721 64485
869475 38842
232285 145391
662186 51001
49458 682845
3 1
915020 270854
595487 936487
380057 545312
5 1
84863 438312
339452 109578
351507 105820
277683 133953
302617 122916
5 3
229700 82
20972 2666
209876 75
25275 2230
25954 2199
3 2
287742 30636
29512 298701
76167 115736
5 2
373586 845515
314522 310646
248775 715939
403840 317918
762107 715440
5 3
20738 2961
27752 2086
281096 72
224836 90
21770 2508
1 1
1 1
6 4
113832 847613
515739 187082
234815 410900
209993 459470
941772 102451
575665 167607
5 3
82068 402497
189227 47331
951790 451289
945067 997559
797679 844063
10 6
558517 61660
223220 154279
65913 522479
105887 325235
770601 44690
255279 134904
439167 78417
835391 41224
255332 134876
104479 329618
8 6
112020 624406
131466 532046
815012 85822
599823 116611
793155 88187
74092 944042
531581 131581
257968 271142
8 6
3211 334073
3872 383961
3734 344724
3074 342935
17828 28
3616 387051
15328 3
3128 326660
4 1
3494 352475
19112 32
3045 378816
3473 381366
5 2
301857 224280
311540 19875
528716 686370
290925 160092
551867 31538
6 3
14915 87
3993 325135
10414 50
3121 395930
3325 330121
3314 394883
10 6
543864 30303
589186 27972
216783 76024
400932 41106
103974 158508
27047 609336
24087 684216
431613 38184
57239 287928
276318 59644
6 4
59163 127512
13202 571428
133496 56511
976948 7722
450549 16744
34891 216216
6 1
104169 909422
196885 481162
526096 180069
107498 881259
336706 281354
124450 761218
5 3
978374 58013
200642 282884
490506 115714
81382 697432
812471 69859
9 5
28794 2016
24732 2659
259071 97
28975 2019
26984 2311
29212 2593
22408 2474
222336 35
21045 2799
10 5
657740 54565
526397 625101
240857 923050
63197 589146
592064 196349
17987 71416
161052 245367
160550 16169
744202 528375
10394 27596
2 1
238447 66
29236 2438
8 5
768152 8073
95381 65016
282854 21924
42021 147576
62307 99528
485576 12771
728364 8514
16211 382536
7 1
402520 30206
462020 26316
141878 85697
15053 807714
48189 252309
22400 542791
16770 725016
10 3
296020 69
27522 2743
250151 53
23064 2236
26801 2643
23126 2960
28325 2115
24551 2467
212847 38
20124 2194
3 1
379062 775319
809637 642106
901140 179286
10 3
458300 436777
724863 70259
361277 95629
525559 601325
450847 406737
789041 571171
342296 282405
19601 792967
154995 55393
653694 759098
7 5
13824 70
12971 43
3263 346209
3978 335688
3020 389114
3938 372917
3062 388512
8 6
69196 674965
425588 109742
828086 56401
502841 92882
150606 310113
234973 198767
277363 168389
60941 766395
6 3
645114 907036
564581 184205
219539 648594
456336 801500
148175 241518
67479 276948
5 1
534656 134382
614604 162276
841434 882595
557333 296134
515129 215992
6 3
85375 229046
288717 67730
19955 979945
641078 30503
443088 44133
321514 60821
7 3
466123 454816
403726 734755
79286 111559
711220 507427
703533 769770
384318 254148
4166 931395
7 4
29967 2300
29396 2262
23531 2789
21221 2584
207382 42
27126 2568
216841 26
8 5
22446 492492
291798 37884
493812 22386
61992 178321
70356 157122
24882 444276
28536 387387
275028 40194
6 4
15924 58
3639 330445
3997 315677
3329 342770
15101 70
3023 394497
9 2
25570 2035
22717 2232
22653 2008
279224 11
23016 2591
204588 31
25486 2181
22417 2131
22741 2428
8 5
12852 124982
27846 57684
66861 24024
4968 323323
334152 4807
2856 562419
2261 710424
64584 24871
4 3
224721 45448
30996 329498
81432 125419
50922 200564
2 1
261439 629629
248289 763644
3 2
493690 52177
224554 114713
784817 32822
3 1
249807 4
25070 2196
22673 2742
6 1
27246 772926
461176 45664
894345 23547
666534 31595
65356 322222
58631 359181
10 6
377487 47656
97867 183816
423522 42476
949716 18942
376216 47817
673992 26691
356454 50468
289044 62238
72611 247752
134757 133496
3 2
524560 118243
114713 540702
114699 540768
4 3
115661 40392
101556 46002
111848 41769
72072 64821
6 4
184140 13817
817222 957072
535491 249872
196442 791799
985886 68395
953211 28119
4 1
3629 307013
16697 43
3076 390374
3336 395228
9 6
24223 2856
29223 2894
25595 2980
27385 2277
23616 2465
228142 65
21180 2589
294536 4
26056 2789
4 2
493716 105471
378298 137650
743068 70078
86921 599081
5 3
12376 523611
20124 322014
38786 167076
92106 70356
56287 115128
7 4
82302 175644
864171 16728
576114 25092
449442 32164
370359 39032
104632 138159
40936 353133
9 4
338651 839535
363771 617578
929257 914946
931938 247760
860887 362764
318878 142748
712566 470076
654894 590595
839734 907726
2 1
10951 94
3556 340810
8 5
705811 128239
66140 642645
855861 858510
92026 638440
78231 72583
177100 470287
525861 64554
786153 444217
2 1
357194 80009
493440 54636
2 1
26526 2671
243632 25
7 5
25157 2442
238714 65
267559 10
28927 2272
25021 2176
25512 2096
22271 2248
9 6
281409 147905
152865 839198
926035 835807
209960 526138
271516 247200
138778 265300
411922 159274
586043 622193
426145 715821
3 2
924027 11592
26187 409032
46284 231426
10 3
3615 353871
3070 341431
3010 333368
17743 45
3828 371211
12313 59
3001 320139
17877 89
3276 322541
3776 316106
5 3
21396 2162
234306 92
25821 2675
22836 2565
296027 73
2 2
81918 709156
98728 588411
3 2
11120 8
3290 374122
3064 330997
8 4
28510 2556
29162 2024
244996 58
27831 2680
200737 40
24346 2229
26142 2934
22411 2722
10 4
595789 151164
102702 876924
218662 411877
99098 908816
195716 460166
485836 185375
785188 114701
634918 141848
980169 91884
400631 224800
2 2
71162 143964
872712 11739
4 3
100622 684247
195568 352053
109057 631324
73485 936930
5 1
3386 346880
14585 74
3561 346453
19984 17
3914 319237
10 4
26064 2484
266757 94
252759 99
22526 2785
20889 2604
28091 2365
21633 2217
24477 2035
24753 2695
290535 16
7 5
415026 132000
539968 75977
561193 875771
100808 568283
433842 180343
131830 871315
366338 895678
4 1
18025 68
3828 366465
3397 316377
3274 319360
4 3
146718 49364
25256 286767
467324 15498
17589 411768
10 6
192429 452839
677463 128626
191457 455138
125717 693139
142605 611054
731133 119184
100406 867870
144645 602436
733163 118854
209806 415333
5 1
289408 36
25303 2612
23039 2970
24151 2059
289121 40
5 2
11297 62
3028 324717
15100 17
3010 341712
3448 390665
3 1
3844 391454
3637 336205
12735 40
10 10
1000000 1000000
1000000 1000000
1000000 1000000
1000000 1000000
1000000 1000000
1000000 1000000
1000000 1000000
1000000 1000000
1000000 1000000
1000000 1000000
4 1
182113 364854
123942 662248
850584 506628
666391 845037
9 5
309764 64206
23751 837384
837384 23751
64584 307951
50922 390572
103896 191429
74037 268632
57942 343252
25461 781144
2 1
17589 94
3917 366421
2 1
212147 27
23175 2955
4 3
3201 354472
3781 315666
3013 363282
17522 37
7 1
211550 143491
122716 247364
62078 488990
55898 543052
108807 278985
203138 149433
71819 422667
6 4
28077 2533
23630 2984
246165 73
21183 2197
234431 76
29140 2240
4 2
3763 378280
3138 361577
10343 8
3350 323683
8 2
3834 370750
3274 304330
3655 332437
3970 338806
3295 381194
17905 2
13066 95
3318 338208
5 3
31878 244644
153846 50692
106227 73416
12006 649572
173052 45066
5 3
282058 51715
64927 224662
76351 191047
30149 483818
177721 82076
6 3
3888 325219
3347 360698
12214 3
3915 343216
3829 395077
13915 21
6 4
772317 38184
88504 333207
925704 31857
226044 130462
550056 53613
347139 84952
8 5
13243 609336
54264 148707
33852 238374
52972 152334
90117 89544
12648 638001
23256 346983
25194 320292
