100
2 1
100 20
200 10
2 2
100 20
200 10
3 2
100 10
100 10
100 10
4 2
9 3
7 1
10 1
8 4
4 3
67198 788721
100313 528351
549672 96422
59591 889404
8 5
3542 336732
3723 333771
3908 332212
10588 2
3043 368876
3525 341937
3178 352158
15267 78
3 1
50620 364656
426640 46220
17988 763977
6 4
162303 19219
291387 679219
173920 455069
949217 995043
853525 754783
960686 605766
2 2
55384 65637
332046 10948
10 7
20446 2154
21577 2454
23875 2760
21504 2797
25866 2888
273348 60
292962 49
289167 46
28404 2518
24496 2981
4 3
233443 321482
265874 282268
126818 591775
993720 75522
8 4
3645 319120
3609 307635
15010 45
3307 393290
3087 324354
3270 339940
3669 312959
13326 21
2 1
702565 355072
717469 555046
4 2
203877 106310
58463 370733
38564 562031
387627 55915
3 1
173866 792151
83028 377891
499350 90699
5 3
83076 139194
355718 32508
153846 75164
11704 988011
456918 25308
7 2
95146 728974
265208 903080
979273 569925
795951 96444
307051 507788
678512 558186
876209 175206
2 1
290957 33
20539 2003
4 3
67158 261516
892242 19684
652023 26936
480438 36556
6 1
812805 815557
408027 563148
808071 403638
392925 491070
904818 260254
967965 580757
10 6
216825 63
23691 2054
21443 2640
234838 15
28996 2591
21872 2097
20721 2844
28626 2689
20567 2789
247698 15
3 2
39474 354844
552636 25346
861764 16254
9 5
85417 966964
94734 871864
993913 83101
100161 824624
206952 399103
104460 790687
297622 277517
232413 355381
130258 634089
9 5
335033 54193
83800 216664
653039 27803
834779 21750
98852 183673
234816 77322
183913 98723
383776 47310
48854 371647
9 5
14763 578952
71706 119196
8806 970596
13167 649128
39474 216524
9044 945054
20468 417582
166668 51282
42957 198968
3 1
3519 300298
16634 87
3007 316083
3 1
323227 189272
627761 97454
891987 68586
7 4
64066 293353
444144 42315
60923 308487
76773 244799
496079 37885
60577 310249
36473 515284
9 4
29494 2595
21656 2565
279270 1
27537 2437
247144 29
26010 2119
23841 2027
27446 2001
26337 2936
5 1
10125 52
13792 32
3747 304126
3256 378495
3953 354239
9 5
280390 79
27789 2770
25686 2425
29586 2822
29887 2838
27247 2765
27734 2742
20848 2140
237937 82
5 1
3251 359969
3888 344957
3613 329201
12940 81
10024 24
10 4
128015 431409
82546 669043
368998 149667
72107 765901
138142 399783
879296 62808
70919 778731
393718 140270
661510 83486
64812 852108
3 1
231060 12907
913121 641257
193458 5312
6 4
47957 213624
65016 157573
778596 13158
276318 37076
184977 55384
609336 16813
8 5
302845 132754
274330 146553
109239 368036
324136 124034
560708 71702
50270 799759
819484 49060
52597 764376
2 1
13485 16
3503 387726
7 2
387927 471010
395351 391890
269439 538527
304895 796394
404278 962064
246580 163859
132651 661629
7 2
3068 380528
18588 78
3325 381868
12603 99
3421 305233
3540 352197
3969 347058
3 1
3182 341258
3649 352707
19519 25
6 4
377073 266925
261457 736031
462954 918035
184370 669027
498483 808096
280913 799303
10 6
900940 102852
258851 357980
601500 154054
586838 157903
116886 792768
226306 409461
119715 774034
499892 185367
151933 609897
198530 466748
2 2
101844 58786
19188 312018
4 3
23090 2311
210764 58
25333 2142
26314 2645
3 1
21379 2081
224155 57
20220 2363
2 1
3816 364956
14041 69
10 5
20806 2712
291148 13
20656 2461
21238 2923
280046 61
27073 2100
25603 2958
254415 16
21410 2309
20823 2623
9 6
361149 536853
827696 885888
264044 821001
733230 117301
381232 52596
727887 561619
772494 465496
495702 894212
798670 349102
4 3
54094 158004
250971 34056
132867 64328
265734 32164
1 1
1 1
9 5
6669 678776
246636 18354
220248 20553
152334 29716
676039 6696
327267 13832
493272 9177
14364 315146
83538 54188
7 4
400199 186162
335319 222182
87338 853029
120921 616120
751648 99118
521707 142804
784519 94965
6 1
261226 105827
280316 98620
352414 78444
136628 202336
877723 31496
319456 86537
8 5
23275 2801
22188 2497
273417 66
24618 2215
27911 2507
280769 48
27525 2765
29902 2218
9 5
126984 33201
41514 101556
43956 95914
6188 681318
294372 14322
228956 18414
527527 7992
24024 175491
373626 11284
4 1
118492 769579
146982 620409
399412 228308
387257 235474
6 4
19376 73
3287 329819
3895 336468
3355 345989
3610 327337
16387 59
4 2
23933 2019
20711 2692
22867 2223
216784 71
7 4
40664 224721
252126 36244
34017 268632
11193 816408
26404 346086
61992 147407
197064 46371
6 4
588411 21112
50344 246753
153729 80808
981708 12654
20358 610204
22971 540792
2 1
19883 65
3119 383882
8 2
27118 2917
22952 2181
24850 2329
299522 63
20832 2398
26708 2647
256276 65
23920 2754
6 1
92413 155959
409741 35175
139227 103519
166784 86415
77115 186898
201072 71679
5 1
817318 977692
983207 785390
878507 562367
347248 211233
437476 470228
6 2
3776 351776
3722 335463
3293 353348
15816 96
15018 62
3992 364385
3 2
43667 854654
610585 61122
470632 79298
4 3
575757 30504
32718 536796
21238 826956
157768 111321
6 2
643911 480204
937930 532362
78365 498158
831695 841546
502959 854239
229220 103096
7 5
178518 513797
214576 427457
242313 378527
206828 443470
137492 667108
348570 263138
709692 129242
2 1
200804 68
27849 2957
6 1
212744 935552
444353 108827
916553 374692
712327 146806
23991 779663
974936 258087
7 1
189934 514270
602597 162094
960805 101662
110511 883870
118609 823524
271076 360332
207734 470204
4 3
897736 42957
101844 378658
456617 84456
44548 865674
7 3
125222 480782
293991 479904
69966 940334
39295 736518
507544 624342
23495 447292
150866 909522
2 1
3014 352816
14050 46
9 5
496877 31937
378639 41910
121777 130310
29484 538216
243483 65174
41364 383637
526013 30168
404805 39201
337741 46985
9 6
3369 325117
15566 64
3892 385307
12536 31
3929 381298
3812 309731
3509 373877
3215 394129
3635 315550
10 7
757773 682345
41282 793263
24275 996731
53512 151788
115308 598065
76725 705249
449738 514384
401905 757947
487054 916532
408601 721996
3 2
3962 369056
3138 332471
18459 41
9 4
731130 831892
54190 151517
297189 824836
482403 825018
312935 578871
898967 426301
426799 779451
585745 272693
729241 902328
7 5
15835 3
3636 325812
3446 334301
3598 364562
3946 398921
17698 89
3443 316974
9 3
28847 2510
23480 2166
28022 2277
21389 2121
28762 2041
215283 27
20911 2296
23222 2865
220252 24
9 5
26228 2247
23726 2031
22601 2729
250437 33
27169 2134
26458 2261
28693 2253
25395 2000
274540 37
4 3
10556 750006
112404 70434
63336 125001
45752 173043
7 3
120701 520407
856180 73365
467802 134274
994469 63163
76216 824153
261861 239874
497798 126183
9 2
137332 81406
917168 71262
562069 67806
730156 92742
756352 43463
512649 155371
359680 107757
260212 550766
411873 220288
8 3
20649 2367
231277 48
25272 2188
26631 2174
216240 6
25854 2457
24755 2015
29005 2189
6 4
50061 296856
66748 222642
796917 18648
98154 151404
56826 261516
450549 32984
5 3
3939 397573
15008 94
3844 383839
3799 304299
13943 95
10 10
1000000 1000000
1000000 1000000
1000000 1000000
1000000 1000000
1000000 1000000
1000000 1000000
1000000 1000000
1000000 1000000
1000000 1000000
1000000 1000000
7 1
264064 311994
36362 127270
268052 683731
806035 662253
809551 492258
995768 555932
275370 805667
4 3
3991 397841
14874 47
3727 305423
3411 307091
8 5
23293 2218
22177 2233
26325 2959
275978 72
278855 63
27091 2837
20714 2846
22885 2607
9 5
23402 2946
21495 2858
242631 56
23114 2465
25097 2538
27679 2500
240735 19
24188 2529
22372 2381
10 6
65016 177859
507357 22792
71208 162393
601398 19228
107844 107226
15318 754908
35002 330372
307692 37582
19866 582084
105006 110124
5 1
3773 332695
3582 348575
3194 309342
10050 2
14978 56
2 2
10578 684684
286767 25256
10 2
372035 512177
162736 137993
44825 524556
912117 224227
711651 138841
480692 743328
869037 25381
703858 181182
604513 936563
445971 16469
6 2
22464 2552
22145 2407
25953 2140
278655 35
26549 2752
253987 28
5 3
432837 17864
11339 681912
13398 577116
574287 13464
116127 66584
