100
4 2
5 2
6 2
1000 1000
1000 1
416890 361393
717024 647318
517150 490390
500000 220343
1000000 524287
1000000 496448
999999 128
1000000 262143
1000000 128
843002 675134
697716 575206
976797 740750
999999 262144
5 1
500000 260582
500000 1
350864 314008
999999 499997
1000000 127
999999 2
999999 1
2 1
304580 284181
999999 475711
500000 499999
822593 804654
672614 634544
257987 196456
999999 999998
787014 700960
908742 753533
500000 249998
1000000 1000000
742448 693306
1000000 500000
476698 433023
504121 447220
500000 262144
999999 493544
500000 127
500000 237856
2 2
1000000 475713
1000000 499999
1000000 2
309726 306481
252115 199628
999999 475712
999999 524287
963154 823156
1000000 1
936606 872384
999999 127
999999 499998
1 1
539610 528592
500000 249999
839620 833472
999999 524288
589742 583961
409682 360384
1000000 999999
1000000 288842
3 1
844534 693563
308649 248328
1000000 475712
500000 131071
827720 681699
423179 407295
889085 826409
1000000 499998
550263 495775
999999 262143
500000 500000
4 1
433365 388995
1000000 524288
999999 344804
500000 131072
500000 2
1000000 262144
500000 262143
500000 128
263249 229543
867369 716098
500000 250000
259055 214159
654456 628544
500000 237857
881875 838165
3 2
322470 318553
999999 999999
999999 499999
