99
6 2 0 2 0 2 0
3 1 0 2 0 0 0
6 1 0 2 0 3 0
5 1 0 3 0 1 0
999 499 0 500 0 0 0
56 8 0 25 0 23 0
1000 250 0 500 0 250 0
735 297 0 268 0 170 0
468 134 0 114 0 220 0
787 284 0 240 0 263 0
1000 501 0 499 0 0 0
56 24 0 7 0 25 0
882 49 0 425 0 408 0
99 19 0 41 0 39 0
999 333 0 333 0 333 0
732 106 0 285 0 341 0
3 2 0 0 0 1 0
626 53 0 262 0 311 0
965 255 0 361 0 349 0
103 49 0 13 0 41 0
810 249 0 188 0 373 0
555 131 0 219 0 205 0
317 71 0 126 0 120 0
41 19 0 9 0 13 0
999 499 0 499 0 1 0
1000 500 0 0 0 500 0
793 145 0 323 0 325 0
4 0 0 2 0 2 0
78 14 0 46 0 18 0
146 61 0 43 0 42 0
4 2 0 1 0 1 0
355 83 0 118 0 154 0
996 465 0 493 0 38 0
425 1 0 421 0 3 0
38 9 0 18 0 11 0
252 59 0 70 0 123 0
3 1 0 1 0 1 0
4 1 0 2 0 1 0
1000 499 0 500 0 1 0
80 24 0 17 0 39 0
786 189 0 438 0 159 0
881 225 0 573 0 83 0
926 340 0 400 0 186 0
7 2 0 3 0 2 0
796 316 0 116 0 364 0
685 95 0 260 0 330 0
570 157 0 285 0 128 0
308 95 0 131 0 82 0
1000 333 0 334 0 333 0
236 76 0 61 0 99 0
837 67 0 376 0 394 0
4 1 0 1 0 2 0
632 192 0 183 0 257 0
140 6 0 29 0 105 0
3 3 0 0 0 0 0
801 284 0 259 0 258 0
259 183 0 9 0 67 0
81 34 0 15 0 32 0
5 2 0 2 0 1 0
255 117 0 0 0 138 0
169 82 0 18 0 69 0
475 15 0 36 0 424 0
672 285 0 146 0 241 0
530 211 0 134 0 185 0
776 370 0 337 0 69 0
645 77 0 14 0 554 0
4 1 0 0 0 3 0
999 500 0 249 0 250 0
967 442 0 129 0 396 0
689 226 0 203 0 260 0
4 2 0 0 0 2 0
34 12 0 10 0 12 0
6 3 0 0 0 3 0
349 122 0 80 0 147 0
291 59 0 136 0 96 0
266 109 0 67 0 90 0
108 33 0 33 0 42 0
413 389 0 3 0 21 0
110 49 0 46 0 15 0
432 210 0 202 0 20 0
331 48 0 160 0 123 0
463 95 0 223 0 145 0
566 283 0 240 0 43 0
430 172 0 207 0 51 0
714 317 0 40 0 357 0
453 157 0 157 0 139 0
776 277 0 268 0 231 0
653 228 0 316 0 109 0
999 250 0 499 0 250 0
758 316 0 72 0 370 0
674 207 0 249 0 218 0
5 2 0 3 0 0 0
944 127 0 420 0 397 0
343 127 0 140 0 76 0
770 150 0 325 0 295 0
491 184 0 137 0 170 0
629 245 0 300 0 84 0
925 327 0 262 0 336 0
765 125 0 258 0 382 0
