100
100 1
100
10 3
20 3 15
233016 5
918741 173882 227713 645420 4560
1000000 5
18230 910538 846197 164507 353598
610223 4
814200 294970 844394 605415
1 5
1000000 1000000 1000000 1000000 1000000
1000000 5
1 1 1 1 1
608732 5
283467 386353 512597 583959 889468
309186 5
302435 421050 629672 843238 899294
1 5
1 1 1 1 1
870552 5
950428 157489 307316 687402 451807
197896 3
802205 481403 448789
3 5
329 324 392 199 326
451251 4
127181 710655 182854 474130
191409 4
233059 944605 329962 312779
733601 1
313294
386730 2
995956 64589
200156 5
170517 591391 803351 52641 718938
1000000 5
870482 873197 662336 412394 259278
778978 5
612389 570534 388044 222507 128101
3 4
2 2 2 4
434389 5
216058 398864 540742 325823 777933
447077 4
549302 578224 409684 525904
995754 4
894417 626857 126254 309349
982434 5
15605 633585 24587 381448 164936
9 5
281 113 154 42 498
2 4
2 2 2 6
337430 2
472981 791953
675001 5
248413 79244 453965 389480 107556
1 5
5 1 2 5 3
624122 1
29691
246423 5
240568 530259 626720 959943 972995
160731 5
317693 145533 227825 717819 791215
708298 5
722538 602112 370551 310466 147116
1000000 1
999999
355420 4
141545 832826 278848 276808
523685 5
453457 442112 384653 372136 279072
1000000 1
1000000
35074 3
734542 459187 576012
86667 1
364232
3 4
2 2 2 3
630124 5
102005 107755 167379 278508 407076
705894 5
59923 118998 197377 369528 244081
6 5
1 1 1 1 1
980058 1
866215
10 5
5 5 5 5 10
563369 2
170201 540417
354046 1
472898
274330 5
372791 70774 139802 326389 233549
57415 3
81130 918216 87105
469281 2
425319 167973
842140 2
755394 607977
11 5
10 5 5 5 5
433433 5
329184 237061 337801 941617 994698
618911 5
937211 593414 122057 106354 85211
1 5
235868 73757 208623 459198 879685
855450 2
851008 342091
891328 5
307222 233922 630186 435962 878374
882124 1
127548
793739 5
266077 817519 842914 346989 871038
6 5
1 5 5 5 3
1 5
2 1 3 2 1
707 2
730078 920738
242274 1
242466
788767 1
553884
11 5
5 5 5 5 10
595639 5
69752 176334 380403 459224 998358
1000000 5
181736 126068 237515 764212 740024
400127 2
645683 306135
451954 4
919306 26770 75861 376050
204265 5
256203 340661 269003 396226 252651
2 5
4 1 1 6 5
38388 4
181890 187169 499344 28203
436765 5
736975 777967 420258 987599 796606
190469 5
371217 656900 360986 962607 976603
130501 2
414933 12254
96082 4
757638 872527 856359 948990
7 5
325 427 493 431 180
839792 5
945993 33527 211928 225064 991990
456647 1
509843
262613 4
624716 28313 486428 800990
647197 1
245269
123931 3
844460 505955 572720
380309 5
105582 87062 212668 312952 112599
72542 2
11892 663388
9 5
1 2 1 2 2
304695 4
702552 731604 346950 727104
371706 5
912741 365844 127685 42153 15000
3 3
1 1 100
314327 4
943687 847618 766280 862992
984227 4
810327 873712 292531 668668
2 5
1 1 1 1 1
925201 5
559305 64628 752018 929856 728095
1000000 5
916098 831814 526005 973562 193253
1000000 5
335905 315857 852283 14995 607371
9389 1
287192
140851 5
77787 87316 270589 253416 233791
3 5
488 124 481 240 432
1000000 5
1000000 1000000 1000000 1000000 1000000
2 5
337 311 65 85 108
