100
100 1
100
10 3
20 3 15
28625 4
557627 406402 484320 646440
137971 5
203989 207342 238884 356330 916106
671178 3
417271 894598 107620
336184 1
734517
775522 5
69359 316534 266606 368789 376531
11 5
10 5 5 5 5
280156 5
535011 510943 246227 197430 18732
577659 5
35654 604871 761651 804181 194295
7 5
1 1 1 1 1
321161 5
612403 620091 233853 547951 463012
530406 4
950538 184935 213976 286136
390470 3
239481 46379 186351
913441 1
216432
10 5
436 346 128 396 236
2 5
6 5 5 4 1
864980 5
589425 397817 252176 183993 81666
2 5
1 1 1 1 1
963074 1
450043
871917 5
288542 238355 303527 13128 25935
1000000 1
1000000
1000000 5
843316 130577 215372 577889 854821
617396 5
475026 121019 744592 226575 730377
3 3
1 1 100
217737 3
542564 262101 605047
915918 3
203656 204505 598502
136557 5
397848 831407 856897 570671 72217
53678 2
690029 687401
227759 5
296075 187196 391609 381322 241518
174124 2
815254 706949
169917 5
200923 367370 348365 255743 35224
754988 4
649075 528668 367001 560018
891551 5
223320 364260 555408 777116 899904
1 5
469 168 345 337 179
3 4
2 2 2 4
6 5
643 523 278 57 668
967228 3
317121 436443 135094
1000000 5
526700 227930 145837 272478 699431
1 5
754663 61851 353637 702008 192413
439140 1
371465
902080 5
155011 60143 738922 7546 311012
7 5
1 4 4 1 4
349858 1
386299
847669 5
635850 279684 405296 558603 280355
1 5
1 1 1 1 1
650299 1
799824
292545 3
295568 476205 928365
344119 5
251515 43647 318546 313981 51549
186163 4
215269 939343 572461 442199
1000000 5
1 1 1 1 1
889741 2
170674 690703
1000000 5
666153 231680 160722 73857 862467
916125 2
159171 806438
166233 1
132118
285000 2
468205 749966
6 5
2 4 2 5 5
197565 1
541193
718685 3
370865 565415 935117
1000000 1
999999
166173 4
708517 870959 226315 963790
903087 2
185295 384628
900325 5
226593 33853 603573 678874 918702
11 5
5 5 5 5 10
5 5
2 4 4 5 4
350822 3
970936 105147 38962
2 5
1 2 1 1 5
225890 1
999903
326877 5
935930 931037 703249 646496 114513
7 5
74 5 135 35 32
923555 5
183442 753381 308182 692825 927504
2 4
2 2 2 6
71229 5
119126 171566 276614 344740 351700
612172 3
402006 237248 342500
74657 5
585664 700870 230796 501789 376392
1000000 5
1000000 1000000 1000000 1000000 1000000
102199 1
564665
306485 5
987135 870602 864748 734106 100614
50624 3
613216 547393 834196
921829 4
544130 269461 295557 871006
10 5
5 5 5 5 10
1000000 5
297192 601123 383308 145492 885247
41857 5
412729 409624 645800 816963 468945
6 5
298 280 768 367 579
656472 5
842058 821056 668608 603944 240811
326570 4
193047 987283 250124 376488
13902 2
767967 912692
1000000 5
760556 447586 918736 631143 608235
394592 2
606956 835333
576524 4
775335 251781 838836 569494
222166 2
455464 731308
1 5
1000000 1000000 1000000 1000000 1000000
538856 3
19677 89946 472478
68710 5
980997 165024 150477 432465 217337
888069 4
378960 717790 416736 262312
67855 5
149735 319036 373729 685710 992554
3 4
2 2 2 3
543645 5
9811 75751 225310 748590 783013
833731 3
186341 591280 425833
982848 5
642642 672060 696630 661373 699354
