100
100 1
100
10 3
20 3 15
1 5
16344 376776 100637 992484 679727
941686 4
52631 873038 185157 223165
192492 4
948772 799366 9393 146481
7 5
259 577 132 142 454
1000000 5
109254 123306 850053 719324 312386
62642 5
967363 956372 720967 711149 552923
10 5
4 3 1 4 1
314853 3
681792 627450 994688
1000000 5
960148 638188 834798 89835 107402
195465 5
818817 631135 317897 197019 87494
417691 2
220792 850969
3 3
1 1 100
2 5
81 37 69 16 8
674257 5
35289 169891 474069 110128 266012
878661 4
741681 656728 500221 815544
592837 5
383847 670755 924732 681754 664570
149146 2
419311 626549
728531 3
337608 786557 401975
2 4
2 2 2 6
163484 3
954709 482305 82077
1000000 5
178382 8110 395682 570481 164286
693860 5
130300 223142 230115 842127 992227
752877 5
267825 196841 60292 244875 263646
11 5
10 5 5 5 5
197710 5
922310 914165 650352 242024 120178
4 5
1 3 2 4 2
296244 5
21877 212529 285355 302514 346035
1000000 5
1000000 1000000 1000000 1000000 1000000
516384 5
108545 354712 853187 888405 980215
1 5
1000000 1000000 1000000 1000000 1000000
10 5
5 5 5 5 10
224579 5
341974 343787 280200 171747 260171
657151 1
519449
794342 2
704132 422284
6 5
31 300 471 40 293
823502 1
175439
405450 5
268064 666136 688355 685171 183209
781827 3
78239 167216 468682
180327 3
960078 519944 760757
3 4
2 2 2 4
2 5
1 1 1 1 1
105209 3
73863 124828 493596
885503 3
764358 588902 625019
722978 5
10411 46181 329878 34164 16235
38268 1
907227
295323 2
2053 114266
3 4
2 2 2 3
283461 2
74840 579770
804204 2
412811 635913
570631 3
678250 64078 61805
85356 1
893919
368479 5
986386 906707 515266 25126 23419
1000000 5
603674 35018 877127 906817 860699
2 5
335 46 84 171 298
626106 3
76764 568543 548376
124222 4
364039 804000 717338 448933
832873 1
374969
265823 1
725771
298331 4
529396 34093 129535 211187
227141 2
711445 273000
285814 4
197400 407682 609505 7810
447760 1
795842
308285 2
657702 645992
922271 1
25177
1000000 1
1000000
365067 5
68678 172486 285209 381063 182697
654656 5
456848 146886 845158 659088 227524
775523 2
334804 727120
150454 5
43581 330513 393394 902229 947501
970138 3
182443 295563 389448
535350 1
695666
9 5
1 1 2 2 1
1000000 5
1 1 1 1 1
8 5
1 1 2 2 2
81193 3
350542 815692 488874
721676 5
176096 576997 480051 812626 275337
11 5
5 5 5 5 10
1231 5
209390 899291 506527 321483 315829
1000000 1
999999
443716 4
849993 131140 764067 567330
900755 4
722 368925 563524 970859
7 5
780 26 322 377 91
1000000 5
918915 309446 618551 737776 513422
993816 2
715379 596237
970054 5
165825 174503 605022 673445 778015
1 5
2 2 3 1 3
954880 3
382351 886457 86019
335630 2
46477 219268
375438 4
360306 393061 555765 836736
60151 4
131234 429952 685047 16065
937993 3
88830 289831 872036
932689 5
708466 922771 447954 249943 531991
239660 5
816873 349023 202241 190503 80639
2 5
9 4 5 4 3
617154 5
286386 434776 489979 816902 846532
1 5
1 1 1 1 1
934503 5
991805 603275 407226 229123 830776
539383 4
441974 902800 151437 686856
