100
1 1
540 600
840 900
2 0
900 1260
180 540
1 1
1439 1440
0 1
0 2
811 1010
1010 1440
0 1
1081 1130
2 0
242 293
1074 1185
0 2
0 360
1080 1440
0 2
180 540
541 901
2 0
1293 1440
1206 1293
0 2
1334 1411
1411 1440
2 0
935 1371
1371 1440
1 0
532 1234
0 1
548 886
2 0
1135 1440
860 1135
0 2
997 1348
1368 1440
0 2
540 900
180 540
0 2
1063 1188
731 1063
2 0
1080 1430
11 361
0 2
1147 1440
14 176
1 1
793 826
1193 1440
2 0
669 1143
1143 1327
0 2
1104 1382
873 1104
0 2
52 442
1178 1440
0 2
179 539
540 900
2 0
815 1072
1072 1103
1 0
773 1440
1 0
924 989
2 0
10 360
1080 1430
1 1
675 1157
1157 1323
2 0
801 1055
49 148
0 1
1044 1404
2 0
812 979
979 1440
2 0
358 493
275 339
2 0
1221 1298
1298 1440
1 1
284 603
1035 1323
1 1
1193 1200
1353 1440
0 2
560 816
1018 1440
0 2
1355 1440
1346 1355
2 0
887 1440
825 887
2 0
19 268
1388 1430
0 2
0 1
1439 1440
0 2
154 395
395 526
2 0
1004 1336
1336 1341
0 2
763 1260
1260 1440
1 0
1378 1440
1 1
503 634
634 870
2 0
933 1172
1172 1440
1 1
0 1
1439 1440
1 0
1217 1440
1 0
462 581
0 2
1361 1440
498 576
2 0
960 976
806 960
0 1
133 409
0 2
1101 1440
407 548
0 1
245 380
2 0
1180 1440
680 869
1 1
1094 1440
443 1094
2 0
537 562
386 537
0 2
1437 1440
1130 1437
2 0
554 611
1024 1440
2 0
893 1309
160 201
1 0
1178 1427
0 2
841 1251
1355 1440
1 1
1086 1440
655 1072
0 2
11 361
1080 1440
0 2
956 1327
1327 1440
2 0
1014 1440
922 1014
2 0
991 1168
330 640
1 1
159 371
371 422
0 2
1277 1440
1099 1277
1 1
723 1440
554 723
2 0
858 1300
1300 1440
2 0
1292 1440
992 1292
1 0
1057 1440
2 0
0 360
1079 1429
0 2
1080 1440
10 360
1 0
1011 1440
1 0
1230 1440
0 2
579 618
98 579
1 0
621 706
2 0
1387 1440
197 249
2 0
1214 1422
1140 1214
2 0
620 810
599 620
0 2
1290 1291
1332 1436
1 1
1126 1440
1060 1126
2 0
319 437
437 677
2 0
1080 1430
0 360
1 1
815 1103
646 815
0 1
1268 1440
0 2
782 1331
612 779
2 0
1439 1440
0 1
1 1
1127 1365
256 296
0 2
777 924
924 1146
0 2
1188 1440
727 1188
2 0
1079 1429
10 360
1 1
1045 1206
250 343
2 0
1239 1246
1246 1440
1 0
43 743
2 0
745 854
226 745
2 0
1436 1440
1373 1385
