100
1 1
540 600
840 900
2 0
900 1260
180 540
1 1
1439 1440
0 1
0 1
146 289
0 2
606 819
1186 1440
0 1
1276 1440
2 0
1412 1436
1436 1440
0 2
158 424
603 1009
0 2
849 990
408 849
2 0
885 1234
1234 1440
0 2
1080 1440
11 361
0 2
175 567
1153 1440
2 0
1234 1367
1367 1440
0 2
775 1148
643 775
0 1
953 1440
0 1
799 814
0 2
744 1109
1109 1440
2 0
1072 1382
1382 1440
1 1
1251 1434
1434 1440
2 0
1331 1440
1300 1302
0 2
716 812
812 1389
0 2
769 877
242 769
2 0
319 447
124 319
0 2
1290 1411
1411 1440
1 0
877 1440
0 2
1350 1440
726 1350
2 0
1379 1440
1222 1379
0 2
180 540
541 901
2 0
0 1
1439 1440
0 2
419 448
1105 1440
0 2
959 1440
858 959
2 0
863 939
939 1440
0 2
759 844
1087 1275
1 1
846 1440
346 846
2 0
10 360
1079 1429
0 1
1243 1270
0 2
153 340
1014 1440
2 0
1030 1279
1279 1440
0 2
521 851
1089 1440
2 0
969 1072
1072 1440
2 0
10 360
1080 1430
0 2
846 857
857 917
2 0
1071 1305
1305 1440
0 2
1080 1440
0 360
1 1
1237 1440
55 144
0 2
540 900
180 540
2 0
1080 1430
0 360
0 2
132 216
216 510
2 0
1007 1083
1083 1181
1 1
410 732
1067 1440
2 0
971 1411
539 814
2 0
155 199
199 321
2 0
1287 1403
1403 1440
0 1
1054 1440
0 2
425 489
1431 1440
0 2
10 360
1080 1440
0 2
1312 1440
1224 1312
0 2
271 337
337 775
0 2
883 995
1201 1440
0 2
1402 1440
670 876
2 0
1007 1440
871 1007
0 2
0 1
1439 1440
1 1
0 1
1439 1440
0 2
652 800
1131 1440
2 0
1146 1440
823 1146
0 2
19 552
1364 1440
0 2
1203 1259
920 1203
2 0
1079 1429
0 360
1 0
516 670
1 0
798 1440
0 2
1293 1440
334 499
1 0
1065 1440
2 0
1288 1440
1269 1288
0 2
1196 1280
959 1122
2 0
1075 1141
1141 1262
2 0
1067 1440
92 118
2 0
11 361
1080 1430
2 0
1237 1440
782 1237
0 2
1326 1440
343 672
2 0
877 1187
1271 1440
0 2
873 1123
482 873
1 0
789 1225
0 1
246 390
2 0
776 1029
1029 1188
1 0
737 1214
0 2
179 539
540 900
1 1
1088 1440
471 704
2 0
1075 1321
1321 1440
0 2
1071 1192
1220 1440
0 1
1082 1180
2 0
1403 1440
724 1403
2 0
1234 1281
1281 1440
0 2
387 733
733 749
0 2
726 1243
1243 1440
2 0
796 1398
1398 1440
0 1
1147 1440
0 2
902 1269
1269 1440
2 0
482 573
288 482
1 0
1069 1440
0 2
1382 1440
611 1023
