99
2525 1
2400 5
300 2
120 60
60 90
527098633 1
375018683 632
12084906 1
3931765 9041
623198766 1
92055224 2197
497540322 1
319314503 7600
643524379 1
473755606 9303
72576354 1
2827141 5820
76175659 1
14462672 3669
289657460 1
208641512 700
946229510 1
582068103 5391
658903465 1
97075808 2202
181046316 1
137705801 2905
276689436 1
3746901 7831
844945498 1
576631100 5786
643341303 1
148250412 1728
463990556 1
366777773 3352
112039930 1
97511409 3582
422008659 1
330163231 5890
919338788 1
876675159 5821
1000000000 2
2 2
1 3
200000 2
5000 9
5001 1
2 1
1 1
1000000000 2
12345676 2
12345675 3
137747025 1
33542821 6008
964108978 1
172181930 5981
645954135 1
228263547 2261
904032696 1
83317846 8988
1000000000 1
1 10000
488011707 1
449310268 1060
747323657 1
349268687 1707
447578660 1
118619838 7528
1000000000 1
1 1
307401851 1
155011678 480
812903542 1
612185125 7775
870681692 1
746938805 4746
1000000000 2
999999997 3
999999998 2
475102202 1
152701109 4506
576461923 1
35400032 2488
949516864 1
751405620 4918
2 1
1 10000
957930757 1
944249468 6468
327119523 1
116998477 9067
308137306 1
256797540 824
589455947 1
217834833 6398
621112254 1
119958 650
1000000000 2
999999996 3
999999997 2
326431207 1
59753203 6089
592743753 1
128677046 6027
428318682 1
262854229 8471
420499077 1
169220726 4009
1000000000 1
999999999 10000
768239099 1
155816103 7499
846768173 1
294505431 4961
1000000000 2
999999999 2
999999998 3
996525682 1
255512298 9752
211579911 1
47241595 4195
558167291 1
145456303 4036
687286563 1
417390725 6767
267578419 1
30274344 7032
500003243 1
28534241 8971
329231867 1
165698697 1128
743463394 1
652753875 5519
548974250 1
256238175 7217
827284302 1
363267187 472
279752140 2
80672167 8158
206184551 9029
1000000000 2
998000000 10000
999000000 10000
497626506 2
378465523 6564
204586691 8882
377263594 1
258718027 6674
152901929 1
139010975 4245
498806514 1
305666345 724
29203672 1
12234427 9236
1000000000 2
200 10000
100 10000
542526501 1
77662365 5637
422550671 1
172731957 8395
397641442 1
191386439 8921
1000000000 1
999999999 1
681840238 1
605116125 8682
793038082 1
689306787 423
228375165 1
32870008 894
256797174 1
109521222 8814
606210817 1
7599817 8085
840449336 1
821051659 7705
229184092 1
126755978 7437
675711711 1
258799616 7325
829680142 1
751751042 3542
346709080 1
323720779 4183
28198170 1
23346443 7293
525631470 1
107852818 4109
12580907 1
1655744 1769
780745525 1
52765977 2968
1000000000 2
998000000 1
999000000 1
787732702 1
229145727 6336
228193469 1
154403348 162
246847664 1
150605966 2205
88902400 1
78804828 6313
22487049 1
5670594 7340
393239047 1
46499836 3423
428226081 1
105699017 5645
